76561198158086086
76561198074188133
76561198058088990
76561198175177483
76561198042649112
76561198109975380
76561197998834248
76561198094755500
76561198230470504
76561198210772829
76561198214403939
76561198132140184
76561198045917951
76561198129813597
76561198020878862
76561198085697295
76561198211064003
76561197971117166
76561198186133966
76561197966417949
76561198238845366
76561198198806419
76561198066524055
76561198081740950
76561198130343590
76561198076378787
76561198201703062
76561198059238990
76561198006710046
76561198082005091
76561198056449126
76561198122064478
76561198239119986
76561198255325150
76561198096835578
76561198098060245
76561198120577770
76561198168045262
76561198070913643
76561198106933391
76561198092773346
76561198192272162
76561198006202823
76561198060932976
76561198022796351
76561197980958629
76561197999575013
76561198050856624
76561198204107017
76561198194063393
76561198178907043
76561198067346020
76561198124034134
76561197971493752
76561198171684262
76561198158100343
76561198253205830
76561197992763834
76561198151211955
76561198157553067
76561198051389571
76561198137264504
76561198087390818
76561198025017126
76561198032380585
76561198134440033
76561198048791776
76561198131906256
76561198159255389
76561198039464847
76561198030211016
76561198244355898
76561198132292946
76561198101207514
76561198092770800
76561198072618880
76561198148843287
76561198130046423
76561198194453325
76561198030915167
76561198120940411
76561198079379784
76561197998207255
76561197973738796
76561198090195662
76561197962323450
76561198064223096
76561198068109028
76561198129261864
76561198213286061
76561198116700918
76561198101859560
76561198105515939
76561198072571938
76561197994563883
76561198217685168
76561197992298954
76561198217514085
76561198061804070
76561198146796007
76561198149138337
76561198120331818
76561198045900230
76561198161116385
76561198007735086
76561198142849190
76561198079134806
76561198124237310
76561198074258777
76561198123601175
76561198235972724
76561198157192282
76561198072678510
76561198142655472
76561197967251861
76561198117095526
76561198003848905
76561198048808384
76561198169117534
76561198049925943
76561198073802918
76561198135548543
76561198070915461
76561198000142433
76561198144159906
76561198085151218
76561198040502129
76561198065794638
76561198074137545
76561198011703667
76561198113052565
76561198005182624
76561198034271112
76561198014154205
76561198079784132
76561198200912777
76561198046678285
76561198242959014
76561198052523236
76561198166819774
76561198236266870
76561198123927250
76561198136777058
76561198024763796
76561198040928888
76561198098077386
76561198047513028
76561198213865905
76561198213288205
76561198141552818
76561198052621509
76561198121534529
76561198045379169
76561198218703825
76561198135795387
76561198137329532
76561198066595368
76561198098049127
76561198052968814
76561198111281045
76561198152896716
76561198163645023
76561198075965631
76561198120889540
76561198072105794
76561198088072454
76561197970599967
76561198043129925
76561198146756510
76561198036705120
76561198024156611
76561197971951483
76561198146689799
76561198244706914
76561198034805813
76561197993402239
76561198223553256
76561198253773170
76561198069986134
76561198114427030
76561198079763402
76561198108032701
76561198071163961
76561198105957420
76561198017357878
76561198083870927
76561198084042351
76561198047580604
76561198209994235
76561198111082599
76561198056381579
76561198052037416
76561198099969164
76561198062548038
76561198085242454
76561198087861291
76561198214598677
76561198107317625
76561198101845805
76561198138286043
76561198000105250
76561198056402422
76561198057588417
76561198016891485
76561198071513465
76561198147426072
76561198011511077
76561198249325096
76561198097981286
76561198208211304
76561198117691053
76561198023285826
76561198035575221
76561198075758775
76561198111343393
76561198021361937
76561198060100847
76561198164674515
76561198194295302
76561198247968810
76561198049720364
76561198072522560
76561198253011287
76561198120327861
76561198241813570
76561197976766597
76561198051287465
76561198199255883
76561198116201353
76561198001210062
76561197971851938
76561198206863135
76561198146131170
76561197977795682
76561198108023332
76561198258381177
76561198041810721
76561198040446729
76561198126832652
76561198205155713
76561198145122958
76561198148492632
76561198140673212
76561198123352723
76561198145849844
76561198235259252
76561198062431903
76561198130319865
76561198133263606
76561198067581637
76561198091037297
76561198209217229
76561198073877909
76561198193419005
76561198254405382
76561197968836308
76561198022910821
76561198092849763
76561198123478213
76561198152475313
76561198133856682
76561198105059878
76561198003610677
76561198161546407
76561198111475563
76561198228601580
76561198126589897
76561198081528778
76561198119200972
76561198100798290
76561198158273510
76561198109102737
76561198128403351
76561198153797478
76561198056751334
76561198075154857
76561198256441717
76561198216475793
76561198027377370
76561198133328693
76561198073072068
76561198087277793
76561198060743860
76561198148124714
76561198086638887
76561198197433277
76561198094040117
76561197985614475
76561198141148485
76561198117781015
76561198041144219
76561198117769365
76561198115008318
76561198047244360
76561198015434213
76561198037551562
76561198134261909
76561198044673937
76561198111363710
76561198120036343
76561198082481131
76561198057499018
76561198028031382
76561197984977321
76561198118581728
76561198040820678
76561198128159114
76561198000181910
76561198117099017
76561198142987626
76561198152310714
76561198130831580
76561198213991629
76561198235796758
76561198238940914
76561198133527880
76561198121463704
76561198213717009
76561198116700446
76561198032115417
76561198112052013
76561198092742144
76561198251361404
76561198047134765
76561198028232437
76561198176339873
76561198130346855
76561197963501527
76561198060012837
76561197976765977
76561198060548126
76561198079410265
76561198237030140
76561198206737644
76561198220982428
76561198104487248
76561198071806867
76561197996161892
76561198071719420
76561198103219204
76561198213498101
76561198149276442
76561198060344426
76561198090990520
76561198071142544
76561198100562565
76561198112151706
76561198041838864
76561198042120680
76561198142690632
76561198008896203
76561198192457998
76561198084683644
76561198072570601
76561198175986047
76561198195725471
76561198137683130
76561198073936191
76561198088191090
76561198091446896
76561198044913897
76561198019327664
76561198045133933
76561198153505352
76561197994885450
76561198015009077
76561198106180956
76561198076747898
76561198065782533
76561198081273870
76561197997214759
76561198106232693
76561198049639893
76561198117667007
76561198053255275
76561197993893501
76561198030851637
76561198110239623
76561198058236405
76561198145996667
76561198088226049
76561198163381670
76561198069968488
76561198128883639
76561198045896296
76561198244071096
76561198237185080
76561197970654601
76561198252444610
76561198113772072
76561198064169644
76561198111277451
76561198028269131
76561198140906025
76561197998517925
76561198047431838
76561198136171301
76561198121080482
76561198148549172
76561198015363146
76561198174346259
76561197986430281
76561198050650072
76561198054730028
76561198074639834
76561198160291983
76561198241870946
76561198126038748
76561198256680003
76561198233396672
76561198077313100
76561198007601325
76561198145664395
76561197965552657
76561198058399654
76561198245242896
76561198042510935
76561198093363692
76561198043268126
76561198013390069
76561198185586385
76561198005095054
76561198206066307
76561198204244467
76561198212559829
76561198099233224
76561198118191103
76561198091082560
76561198209721251
76561198080130813
76561198096706899
76561198162542811
76561198204707008
76561198033847436
76561198086178884
76561198247556336
76561198082526068
76561198011910080
76561198053573142
76561198141968217
76561198160315250
76561198043506443
76561198067529602
76561198072562213
76561198174506026
76561198036883029
76561198148786382
76561197995269186
76561198078012230
76561198059418715
76561198165080352
76561198076088590
76561198092274974
76561198037326351
76561198131219264
76561198033854273
76561198201291253
76561198005973492
76561198058868172
76561197999459713
76561198027883398
76561198093349606
76561198123560105
76561198072282194
76561198181221871
76561197960464402
76561198021954410
76561198040182443
76561198104435436
76561197969268063
76561198158820763
76561198085654181
76561198219262441
76561198219508451
76561198132280590
76561198058013875
76561198092577936
76561198079370553
76561198126872973
76561198254373128
76561198161913704
76561198119504769
76561198090303591
76561198197204998
76561197975166910
76561198065796824
76561198104155920
76561198071098417
76561198179319234
76561198163086858
76561198135930138
76561198163648678
76561198040934136
76561198008984396
76561198022438274
76561198156455842
76561198181013435
76561198167367786
76561198065508089
76561198055178881
76561197991128734
76561198173662794
76561198031168136
76561198195669578
76561198155830060
76561198072775848
76561198217819472
76561197991172574
76561198190931628
76561198059907258
76561198124981352
76561198086179258
76561198122938551
76561198116478715
76561198045345750
76561198200994727
76561198136108824
76561198171906589
76561198105233229
76561198135092209
76561198073843002
76561198129172047
76561198130855765
76561198068581634
76561198094428948
76561198197589999
76561198174924426
76561197963573164
76561198160256150
76561198076755794
76561198097916082
76561198149870249
76561197992214512
76561198031571994
76561198216434220
76561197993258502
76561198127422873
76561198049539458
76561198085685048
76561198072930019
76561198096020094
76561198247501976
76561198127315047
76561198081019248
76561198051679166
76561198233100552
76561198069177131
76561198049963710
76561198126642141
76561198212472545
76561198071710920
76561198144517642
76561198068437376
76561198050288510
76561198091088194
76561198101091514
76561198110563717
76561198133058851
76561198088248159
76561198067066142
76561198139674520
76561198049099914
76561198048814159
76561197985092059
76561198161597734
76561198105613425
76561198032943676
76561198102100599
76561198111323699
76561198145458843
76561198134837867
76561198002560460
76561198115832632
76561198035026020
76561198028097683
76561198251242512
76561198258679897
76561198072330395
76561198092992997
76561197991627841
76561198113335056
76561198210209989
76561198018582760
76561198059450095
76561198139325652
76561198156275281
76561198057877752
76561198040135301
76561198049981943
76561198068122702
76561198258124179
76561198163630068
76561198074912525
76561198088891853
76561198128851437
76561198101020344
76561198143430429
76561198123677270
76561198150421854
76561198162551168
76561198040824712
76561198068487390
76561198202475055
76561198218988347
76561198092759467
76561198026002038
76561198205201372
76561198093453336
76561197998024826
76561198033749767
76561198069630188
76561198062759322
76561197961520268
76561198155157831
76561198146807055
76561198068048283
76561198058365811
76561198056331036
76561198091260560
76561198169849826
76561198144292640
76561198103187225
76561198052312392
76561198104753058
76561198167388427
76561198099985482
76561198244449496
76561198261005074
76561198052470174
76561197983960771
76561198043781655
76561198140246326
76561198046972503
76561198066042219
76561198121233194
76561198070836642
76561198166115223
76561198241136824
76561198139219558
76561197981920093
76561198072298996
76561198066882401
76561198046810585
76561198200313523
76561198063276055
76561198181873886
76561198175039205
76561198077431331
76561198065364436
76561198136156843
76561198065587258
76561198245165622
76561198224971976
76561198132363056
76561198072336189
76561198056695566
76561198090467373
76561197986639176
76561198119608513
76561198125640476
76561198059462508
76561198210423907
76561198053628200
76561198066824399
76561198094556492
76561198169278490
76561198094454392
76561198066455648
76561198107581956
76561198014773559
76561198237317774
76561198172766938
76561198089721817
76561198124395897
76561197997375511
76561198226699456
76561198022414672
76561198197720719
76561198135569049
76561198074986936
76561198236009198
76561198087276613
76561198151161838
76561198059816493
76561198064160374
76561198143703545
76561198078355161
76561198129780629
76561198216442177
76561197998613664
76561198152198143
76561198239082896
76561198247555104
76561198128160354
76561198232360456
76561198217716113
76561198211284095
76561198066005139
76561198131126964
76561198047084411
76561198035352189
76561198136904712
76561198161134686
76561198081386185
76561198218711672
76561198006268222
76561197966951746
76561198126668692
76561198210507129
76561198000082101
76561198052195881
76561198000864528
76561198082220776
76561198096489819
76561198115223126
76561198213570865
76561198085933404
76561197961847202
76561198060984502
76561198073441807
76561198043831737
76561198028337483
76561198071997261
76561198136943525
76561198115925060
76561198051906242
76561198059935923
76561198129221141
76561198041284414
76561198048541367
76561198016374529
76561198146777883
76561198196726138
76561198190867899
76561198012120643
76561198093146233
76561198006959705
76561198092552139
76561198166007984
76561198011745981
76561198200207343
76561198079470779
76561198090433209
76561198078014355
76561198086275090
76561198102695721
76561198153885732
76561198045617043
76561198109784108
76561198260772645
76561198070887950
76561198139672427
76561198129002037
76561198051553294
76561198115465970
76561198065466799
76561198027199853
76561198089164814
76561198160697649
76561198135210114
76561198080207199
76561198078497950
76561198141178502
76561198234681864
76561198019691919
76561198201966896
76561198028478309
76561198158609880
76561198172403331
76561198093310746
76561197991894205
76561198154914780
76561198029122223
76561198018888316
76561198096991525
76561198140714137
76561198120820990
76561198253666941
76561198105847243
76561198201992666
76561198148723607
76561198066700866
76561198034307537
76561198069023911
76561198161129375
76561198075237723
76561198121253202
76561198046423722
76561198050443760
76561198126325052
76561198190288938
76561198089298477
76561198149807639
76561198173418807
76561198103486203
76561198102111082
76561198081968265
76561198094083191
76561198116201916
76561198115089492
76561198086908582
76561198158356138
76561198240245492
76561198077356285
76561198125861749
76561198204504717
76561198139922161
76561197991862984
76561198120833326
76561197982714940
76561198074917863
76561198080692588
76561198092054257
76561198170117766
76561198101210264
76561198098846825
76561198109072552
76561198137036169
76561198018359616
76561198044902492
76561198052609356
76561198244563620
76561198187898423
76561198029309961
76561198067756684
76561198112634075
76561198149117424
76561198003890581
76561198089324430
76561198179181951
76561198027374504
76561198143340427
76561198173550398
76561198081794283
76561198188205419
76561198014150079
76561198093984083
76561198240520486
76561198097283185
76561198188877811
76561198193510449
76561198057720480
76561198236765088
76561198143341308
76561198067715444
76561198244337328
76561198103064254
76561198129628790
76561198217545424
76561197997015661
76561198241860694
76561198082204428
76561198116747845
76561198111771039
76561198189937434
76561198032968520
76561198169727703
76561198074956157
76561198082079640
76561198046000476
76561198123701435
76561198029440209
76561198118023782
76561198259723921
76561198103021013
76561197997942432
76561198117575113
76561198138564911
76561198094146874
76561198093656823
76561198106766698
76561198127752278
76561198098559578
76561198086453572
76561198043078728
76561198086570989
76561198095897466
76561198093125937
76561198085575343
76561197988891617
76561198205359992
76561198187435703
76561198145748092
76561198064440213
76561198089662391
76561198097660828
76561198148986364
76561198194767165
76561198045784845
76561198147638130
76561198054409989
76561198171070931
76561198068694078
76561198079562787
76561198254079331
76561198066840085
76561197962016202
76561198142066704
76561198023566431
76561198132144250
76561198175092654
76561198143843026
76561198008126600
76561198081757766
76561198056211205
76561198094977776
76561198180055845
76561198161601787
76561198162870663
76561198041753155
76561198170968302
76561198089365697
76561197973687114
76561198073892815
76561198213202987
76561198098471352
76561198007559468
76561198085999336
76561198021702429
76561198120421485
76561198087103614
76561198213550964
76561198037558126
76561198152251537
76561198132070959
76561198135605545
76561198069929541
76561198054732023
76561198106466632
76561198051832304
76561198155263971
76561198120007940
76561198170027066
76561198219004841
76561198224185124
76561197988943712
76561198065231829
76561198074150595
76561198069822981
76561198071268900
76561198017059181
76561198254650556
76561198070274987
76561198076105064
76561198121642040
76561197971900611
76561198088958569
76561198119343896
76561198149355704
76561198061140494
76561198028436289
76561198232773048
76561198233170200
76561198087614393
76561198020564138
76561198057798854
76561198067312802
76561198121803773
76561198059062269
76561198088717652
76561197961893265
76561198058890184
76561198199572783
76561198117862221
76561197989163648
76561198132944225
76561198185204442
76561198235081560
76561198168448278
76561198128967977
76561198093154093
76561198161865750
76561197993919784
76561198029021236
76561198141544001
76561198026476914
76561198119891455
76561198023222911
76561198166018930
76561197989436397
76561198009797355
76561198121707508
76561198189060631
76561198093171698
76561198070153873
76561198130408376
76561198106935645
76561198017017654
76561198251208646
76561198057357477
76561198156025149
76561198042071985
76561198064336400
76561198091370114
76561198112347307
76561198079411614
76561198122550158
76561198046609856
76561197999587556
76561198030165043
76561198109964269
76561198229771088
76561198154186672
76561198165174797
76561198139343621
76561198049752020
76561198073373152
76561198114421284
76561198213216541
76561198044225128
76561198150399923
76561198044160042
76561198082331240
76561198027790139
76561198075254216
76561198137766399
76561198078901333
76561198089954073
76561198229729324
76561197990307640
76561198033089250
76561198213578623
76561197970993256
76561198073108585
76561198107459093
76561198201789819
76561198208082516
76561197960422789
76561198189827902
76561198111081934
76561198241278806
76561198189728827
76561198082515060
76561198087298106
76561198018093643
76561198201883404
76561198248744944
76561198160908604
76561198083443079
76561198091507372
76561198111391622
76561198110489076
76561198107539189
76561198059350817
76561198102732871
76561198021235730
76561198178852041
76561198020876816
76561198013540704
76561198174777433
76561198088871120
76561198123269854
76561198162403034
76561198019534103
76561198166592656
76561198157802496
76561198154264233
76561198216301257
76561198175207402
76561198107931615
76561198247798870
76561197996737262
76561198101660469
76561198215718939
76561198070087191
76561198103604299
76561198100203984
76561198118664501
76561198250919840
76561198010495078
76561198042029779
76561198076552290
76561197997697243
76561198127505953
76561198052074989
76561198014752475
76561198071359548
76561198037442189
76561198057120370
76561198147042884
76561198012477651
76561198011099121
76561198192130515
76561198079429502
76561198132031711
76561198047564209
76561198067907495
76561198168574480
76561198047833313
76561198076461646
76561198062615851
76561197993276491
76561198063326444
76561198107106520
76561198052186372
76561198258749191
76561197962250094
76561198071596701
76561198125606076
76561198201947749
76561198125204106
76561198090368765
76561198011442575
76561198138849173
76561198109893254
76561198120982538
76561198253340009
76561198062670477
76561198180284646
76561198137235552
76561198213520600
76561198119435960
76561197988677156
76561198208217809
76561198047762707
76561198095154004
76561198165750423
76561198039601607
76561198091707194
76561198089092210
76561198041531118
76561198085350765
76561198203642752
76561198072275943
76561198099001216
76561198041081496
76561198070451246
76561198050863556
76561198121365045
76561198077319093
76561198006347921
76561198260675813
76561198044061436
76561198128320780
76561198034742298
76561198101923914
76561198033775835
76561198164005661
76561198171768849
76561198113269079
76561198140825470
76561198034228115
76561198079640149
76561198118060961
76561198104172494
76561198258492280
76561198167366789
76561198069545316
76561198122497768
76561198207945632
76561198053637198
76561198058194112
76561198068060258
76561198118626970
76561198047211327
76561198125771452
76561198199076874
76561198160379555
76561198032782718
76561197970700973
76561198049338511
76561198128458526
76561198201618093
76561198219175897
76561198117955543
76561198204256797
76561198200475246
76561197998919347
76561198010286477
76561198069467036
76561198042925968
76561198044721952
76561198089448196
76561198160958912
76561198059084420
76561198054777042
76561198078912441
76561197986214029
76561197981389320
76561198054095478
76561198089059388
76561198239380124
76561198170609241
76561198138214132
76561198082800866
76561198149907854
76561198080961345
76561198146110460
76561198207470489
76561198176058773
76561198193178339
76561198019339406
76561197990454523
76561198040826825
76561198084416824
76561198145571657
76561198068660781
76561198245544070
76561198048385501
76561198140972572
76561198211116205
76561198046599847
76561198233957092
76561198118221326
76561198121252522
76561198037037402
76561198113318795
76561198044782361
76561198060931234
76561198165511863
76561198118469048
76561198045829938
76561198217148999
76561198211119821
76561198259925540
76561198176381557
76561198146795903
76561198183335322
76561198093537895
76561198028630096
76561198207677679
76561198083577792
76561198090673047
76561198137938402
76561198098620227
76561198103858092
76561198141028776
76561198188889498
76561198249627494
76561197990494312
76561197983785416
76561198021791313
76561198013431931
76561198012791623
76561198243614842
76561198055742400
76561198029909934
76561197967195706
76561198092978740
76561198252107260
76561198098582361
76561198017483587
76561198087597766
76561198064137163
76561198105912524
76561198093736844
76561198195251794
76561198034848372
76561198141983616
76561198248662626
76561197961921277
76561198019776950
76561198149674765
76561198146053504
76561198124875573
76561198128929679
76561198126626130
76561198164006192
76561198093658035
76561198246123300
76561198094717260
76561198070460574
76561198159607362
76561198116233021
76561198134890947
76561198193799489
76561198081349687
76561198107185224
76561198064027254
76561198066480165
76561198053068399
76561198085920841
76561198138432438
76561198063964275
76561198235925268
76561198193071362
76561198191139761
76561198253081899
76561198204140624
76561198138351144
76561198120342362
76561198248570110
76561198162050479
76561198087521352
76561198059373902
76561198031139114
76561198182061806
76561198073058707
76561198246941684
76561198054638542
76561198072338765
76561198211880319
76561198070552475
76561198169972297
76561198194845441
76561198175720865
76561198212985868
76561198080416586
76561198012616595
76561198104073278
76561198051309858
76561198132626714
76561198085229917
76561198041275594
76561197971527052
76561198079763815
76561198257995302
76561198201964034
76561198050191841
76561198227114576
76561198089451437
76561198102907935
76561198212833168
76561198200894955
76561198070345343
76561198150262495
76561198069618809
76561198181372259
76561198058113428
76561198058035322
76561198044559634
76561198128615526
76561198044853533
76561198049619536
76561198080762173
76561198114132031
76561198120714334
76561197969402037
76561198079863258
76561198122907679
76561198230733844
76561198120985297
76561198220524271
76561197989557637
76561198142641414
76561198052257331
76561198029459442
76561198071132358
76561198181653766
76561198152866716
76561198013010597
76561198143734175
76561198145623192
76561198082249280
76561198062758847
76561198041132486
76561198060587537
76561198072854404
76561198241691388
76561198208730313
76561198082936001
76561198004960536
76561198127152705
76561198020001636
76561198166155396
76561197960385706
76561198027085935
76561198155386026
76561198072616299
76561198126326761
76561198132525821
76561198065262591
76561198123308523
76561198093010899
76561198219037988
76561198208054564
76561198055462120
76561198092532420
76561198249034752
76561198044116994
76561198114668286
76561197971387530
76561198033918978
76561198234739648
76561198031062201
76561198040075589
76561198010014965
76561198224465724
76561198244601110
76561198132122264
76561198085909403
76561197971264052
76561198097650310
76561198129093728
76561197998288095
76561198011336365
76561198120175422
76561198138463775
76561198209392683
76561198096119536
76561198192113837
76561198046917927
76561198061169690
76561198085691836
76561198033775529
76561198128907539
76561198157511487
76561198130232436
76561198104448078
76561198212931803
76561198121358313
76561198245547658
76561198055574341
76561198150018750
76561198147278790
76561198111427175
76561198030405209
76561198078671378
76561198166855051
76561198078832895
76561198126585918
76561198104735767
76561198238148616
76561198119177708
76561198123463725
76561198091482005
76561198010611244
76561198022712507
76561198114106402
76561198163704264
76561198061835512
76561198024661824
76561198102147911
76561198018339965
76561198078857088
76561198121650583
76561198243710212
76561198157440403
76561198081445893
76561198077318698
76561198216772948
76561198015880069
76561198062422746
76561198215991987
76561197961563410
76561198202265160
76561198231659456
76561198157137296
76561198176558781
76561198157345629
76561198170685039
76561198085543516
76561197964486471
76561198258059413
76561198105920823
76561198067755770
76561198244249230
76561198013833020
76561198057012900
76561198041024471
76561198178706709
76561198120353001
76561198181426013
76561198159226204
76561198195072127
76561198084054944
76561198068183033
76561198055909998
76561198095563124
76561198214580383
76561198012051851
76561198033887340
76561198082407414
76561198112815108
76561198108889048
76561198123885055
76561198097444345
76561198118768894
76561198068968195
76561198072189229
76561198152249662
76561198174057227
76561198061225363
76561198210343241
76561198132165291
76561198108005416
76561198021864483
76561198018632458
76561198130831230
76561198070133742
76561198120921299
76561198252089340
76561198025771430
76561198138596070
76561198157639964
76561197966924991
76561198079650710
76561198095119979
76561198175815407
76561198136196736
76561198076948476
76561197990517587
76561198039116226
76561197983783254
76561198196038435
76561198157019716
76561198188379114
76561197972823191
76561198116352823
76561198136848101
76561198103706786
76561198067944483
76561198004244559
76561198083405174
76561198143081794
76561198008597091
76561198098233570
76561198201229310
76561198117395825
76561198040765527
76561198093053593
76561198054611637
76561198095158519
76561198199855859
76561198123499034
76561198146393673
76561198241363778
76561198034630921
76561197968489595
76561198090375314
76561198065767765
76561198117714126
76561198048408831
76561198073126955
76561198060412430
76561198205933232
76561198076810560
76561198060428315
76561198180556866
76561198052352849
76561198246031196
76561198056885314
76561198256488176
76561198012440799
76561198135334465
76561198092705617
76561198120091439
76561198073182713
76561198167094001
76561198018252053
76561198001049858
76561198091000203
76561198068032643
76561198104122542
76561197989000869
76561198058931487
76561198120375851
76561198245198498
76561198259865770
76561198068778928
76561198070212073
76561198045332050
76561198155618570
76561198151061699
76561198178433557
76561198119342964
76561198008038573
76561198154396453
76561198119550165
76561198064513018
76561198162892184
76561198113275488
76561198085726381
76561198126022454
76561198100004944
76561197972339849
76561198066982277
76561198042174434
76561198197469462
76561198175390657
76561198057075005
76561198233456900
76561198045973059
76561198072531839
76561198112499844
76561198091591745
76561198213397299
76561198134394134
76561198212959721
76561198157686730
76561198068467818
76561198233930660
76561198079005913
76561198068114918
76561198134450818
76561198042151455
76561198042832977
76561198091484723
76561198092137032
76561198204766536
76561198047887699
76561198033673964
76561198008544111
76561198206473645
76561198200930553
76561198027548448
76561198119239035
76561198147744018
76561198112943276
76561197998944859
76561198085175932
76561198051442395
76561198108947647
76561198202061576
76561198130091852
76561198043269140
76561198165414633
76561198170830649
76561197983585279
76561198110951077
76561198240080954
76561198139467413
76561198241556140
76561198246397470
76561197970839999
76561198173478503
76561198122867155
76561198086174668
76561198202727036
76561198089559095
76561198096674521
76561198113976620
76561198061926929
76561198144983714
76561198091890618
76561198147984557
76561198148033248
76561198188715073
76561198095520504
76561198141709067
76561198199499469
76561198165640817
76561198123322916
76561198109852161
76561198006036613
76561198138478319
76561198059827828
76561198049088342
76561198198996626
76561198068456227
76561198147635492
76561198243767286
76561198082265153
76561198073359060
76561198104723446
76561198007191675
76561198198600158
76561198254353351
76561198157157749
76561198104470184
76561198258174731
76561198083399857
76561198092513470
76561198207441715
76561198077216195
76561198140007573
76561198152026762
76561198110787483
76561198079401586
76561198041628831
76561198088331620
76561198046457923
76561198199551987
76561198122913634
76561198041962054
76561198115191590
76561198215394581
76561198193151119
76561198156694062
76561198243751034
76561198044174266
76561197970633231
76561198062148080
76561198022522494
76561198072593767
76561198174131495
76561198092510460
76561198137873377
76561198120371353
76561198081387532
76561198084321122
76561198057767020
76561198163087202
76561198143831772
76561198195514143
76561198241114374
76561198152696779
76561198042592045
76561198121206902
76561197964517006
76561198202715818
76561197987462766
76561198156603118
76561198169908094
76561198112231307
76561197960355015
76561198071473575
76561198084513714
76561198108201141
76561198101504057
76561198097826309
76561198154206982
76561198238032764
76561198072958544
76561198101669592
76561198166469632
76561198060243741
76561197970478540
76561198046968172
76561198018523192
76561198255780080
76561198128089982
76561198053821666
76561198115819228
76561198095498972
76561198167520826
76561198060335354
76561198170214771
76561198047146398
76561198094590757
76561198152076693
76561198131372872
76561198020177836
76561198091841453
76561198029779898
76561197970209177
76561198151849008
76561198103652726
76561197991597065
76561198113807709
76561198137359319
76561198223064192
76561198116103975
76561198077984181
76561198135945444
76561198042342239
76561198223258716
76561198141854585
76561198151647029
76561197977448037
76561198137756433
76561198140938403
76561198142969885
76561198243265642
76561198049114718
76561198217269015
76561198175246389
76561198099472033
76561198118470073
76561198078456367
76561198116411664
76561198076335990
76561198056935754
76561198243359942
76561198075326481
76561198148543141
76561197999478123
76561198066983931
76561198033357261
76561198181082298
76561198095063822
76561198090425695
76561197974514439
76561198011918974
76561198214183281
76561198058327390
76561198110923471
76561198066204737
76561197961091730
76561198103937480
76561198058563788
76561198151738012
76561198253181665
76561197991529956
76561198114788665
76561198210061289
76561198086858847
76561198096065590
76561198060314429
76561198060316465
76561198039195958
76561198103680480
76561198139528103
76561198021198148
76561198160171340
76561198159265192
76561198223253584
76561198100789972
76561198200187539
76561198247913736
76561198117289187
76561198043345969
76561198105888797
76561198049898428
76561198031882142
76561198077487746
76561198087071553
76561198075660567
76561198074280355
76561198072602616
76561197987878986
76561197985840240
76561198052541137
76561198104740396
76561198041406291
76561198190696911
76561198001468659
76561198094361790
76561198045888198
76561198085192801
76561198167990752
76561198065548592
76561198031787813
76561198055703280
76561198135456429
76561198104347846
76561198004723179
76561198100546287
76561198182904309
76561198015133064
76561198011604033
76561198019893489
76561198146012791
76561198095712987
76561198043173923
76561198194417731
76561198248744908
76561198000801469
76561197990332238
76561198126546123
76561198169422301
76561198034890427
76561198043229924
76561198149597051
76561198061052870
76561198132699699
76561198158739264
76561198026496199
76561198107441926
76561198048798365
76561198139659114
76561198085633599
76561198206306073
76561198080571462
76561198093793787
76561198130513127
76561198067943572
76561198255993707
76561198139188122
76561198131266187
76561198041899059
76561198078110721
76561198039874090
76561198032213598
76561198066014592
76561198069231972
76561198015643211
76561197979781556
76561198104719870
76561197993022136
76561198192989545
76561197999418429
76561198081021515
76561198024469284
76561198051166015
76561198065579366
76561198120146364
76561198095916090
76561198254775016
76561198092176699
76561198119781565
76561198015162870
76561198196803213
76561198122860178
76561198063094638
76561198134023787
76561198082400000
76561198248560914
76561198166804820
76561198167830221
76561198154215898
76561198203119692
76561198048267838
76561198022467798
76561198053488392
76561198109422109
76561198089848054
76561198136767360
76561198029477557
76561198097316084
76561197972442923
76561198071013430
76561198001883621
76561198117553779
76561198108044427
76561198071454941
76561198119345735
76561197992870728
76561198134192832
76561198139682125
76561198174466193
76561198118183375
76561198090836223
76561198166214962
76561198088020376
76561198084926294
76561198093864500
76561198060363260
76561198003082630
76561198095936259
76561198033639819
76561198190086297
76561198143643251
76561198123257897
76561198210019429
76561198066241476
76561198120686795
76561198071848271
76561197999367796
76561198077493900
76561198057373956
76561198114316446
76561198127044371
76561197986981303
76561198034648579
76561198101597706
76561198151975623
76561198045768864
76561198096654564
76561198203170554
76561198095150279
76561198041859471
76561198130536108
76561198055374504
76561198241831294
76561197979603524
76561198193981397
76561198168627497
76561198259878084
76561198183419749
76561198173273171
76561198135899484
76561198134017437
76561198027239098
76561198002810546
76561198085986300
76561198229597144
76561198209075161
76561197963548532
76561198213829373
76561198143558533
76561198081303415
76561198080566643
76561198221488660
76561198101263043
76561198090426003
76561198155565890
76561198118742181
76561198150096683
76561198139288253
76561198118674853
76561198108752904
76561198099912854
76561198052487455
76561198055279581
76561198135652628
76561198148273706
76561198066983890
76561198238683714
76561198101948567
76561198205425224
76561198111613914
76561198044053170
76561198023263685
76561198012776166
76561197994538381
76561198161555312
76561198129059127
76561198113077620
76561198064654329
76561198223431064
76561198039479569
76561198105645613
76561198071267522
76561198166971588
76561198090429061
76561198165179258
76561198019196651
76561198075576661
76561198158988403
76561198122732398
76561198156720567
76561198090574074
76561198012231049
76561198067438478
76561198114072820
76561198195984481
76561198020978030
76561198062633546
76561198023597351
76561198116387316
76561198006347178
76561198068748783
76561198140710285
76561198180352390
76561198086077426
76561198206673061
76561198021357869
76561198084826532
76561198078985828
76561198251484508
76561198143746304
76561198076172090
76561198000137553
76561198004057813
76561198215460395
76561198041925090
76561198051838998
76561198094375103
76561198151693737
76561198250263104
76561198253120719
76561198069394609
76561198193925741
76561198220339389
76561198135168824
76561198117953342
76561198165301310
76561198102160949
76561198000511034
76561198109886911
76561198074932486
76561197982702967
76561198114344507
76561198040274055
76561198066138613
76561197996401266
76561198132337149
76561198203333729
76561198200359959
76561198091153884
76561198240592446
76561198208462084
76561198142419458
76561198014821150
76561197998778232
76561198254959660
76561198188667675
76561198123750155
76561198132713135
76561198147429531
76561198031668425
76561198081201275
76561198040740271
76561198135844247
76561198161827085
76561198088559989
76561198019846065
76561198154484130
76561198211419323
76561198005342561
76561198026737579
76561198150384100
76561198110963824
76561198046204829
76561198094155262
76561198145099171
76561198104407458
76561197972265180
76561198142062264
76561198086555545
76561198117509517
76561198012131897
76561198127861803
76561198166986409
76561198210429941
76561198099636681
76561198114907684
76561198099525332
76561198058269022
76561198216648121
76561198073548398
76561198040565336
76561198026739820
76561198033248181
76561198143797672
76561198121708463
76561198148208403
76561198030362873
76561198025986320
76561197960893141
76561198081075219
76561198108813650
76561198255793320
76561198182453915
76561197986206764
76561198114794451
76561198044001601
76561198055757181
76561198079005962
76561198033161690
76561198109212327
76561198029863015
76561198054393997
76561198236746314
76561198192198828
76561198049615040
76561198017553675
76561198130235262
76561198125269531
76561198147336601
76561198081552176
76561198080504386
76561198042019083
76561198048564122
76561198149196254
76561198083933871
76561198069085065
76561197965499872
76561198029888944
76561197982716169
76561198016700351
76561198152821273
76561198128665443
76561198156659968
76561198185364855
76561198044823916
76561197980486717
76561198087419844
76561197978879876
76561197991978511
76561198071123827
76561198116220090
76561198167581757
76561198028567603
76561198083333852
76561198016397297
76561198044210490
76561198059981369
76561198094007827
76561198202823405
76561198115905798
76561198195765605
76561198040034667
76561198107019108
76561198003070764
76561198115532952
76561198258448113
76561198214007360
76561198043924091
76561198122236505
76561198157703444
76561198078559886
76561198088688175
76561198108723274
76561198160638751
76561197995440370
76561198009258756
76561198015131930
76561198243517266
76561198059666129
76561198169881725
76561198246593466
76561198070983423
76561198081402099
76561198073119397
76561198123305550
76561198052767864
76561198081949660
76561198132873569
76561198018923430
76561198000061127
76561198053134774
76561198114989096
76561198123666962
76561198195260610
76561198115796492
76561198069404595
76561198246323556
76561198140365362
76561198255499395
76561198052535412
76561198118185305
76561198121414326
76561198105947385
76561198217537116
76561197975940393
76561198101193098
76561198061211870
76561198178653234
76561198042056268
76561198073978795
76561198119280914
76561198143273165
76561198195486590
76561198016549159
76561198089409596
76561198071761758
76561198075107730
76561198117968250
76561198053458040
76561198220174109
76561198239006632
76561198094323061
76561198108710678
76561198089502495
76561198242378520
76561198099246836
76561198131420711
76561198111684300
76561198045227847
76561198102201621
76561198013457150
76561198148733548
76561198058796585
76561198110003656
76561198087223264
76561198001258241
76561198192383130
76561198052063810
76561198077414851
76561198011643244
76561198052669305
76561198125650752
76561198003785299
76561198043859293
76561197973896691
76561198171741594
76561198044766036
76561198125025110
76561198054386615
76561198002218728
76561198204122357
76561198192975223
76561198212223251
76561197981577737
76561198061868873
76561198119817940
76561198066198946
76561198126888068
76561198035179557
76561198044956259
76561197965271114
76561198241428220
76561197960699459
76561198025549075
76561198094560588
76561198054628201
76561198243841048
76561198214852863
76561198243160634
76561198119922009
76561198024552240
76561198121659272
76561198240563018
76561198139136439
76561198089495205
76561198088828483
76561198159982008
76561198001825881
76561198149091342
76561198069477739
76561198237800672
76561198208498443
76561198015539583
76561198077037642
76561198211584819
76561198001942207
76561198200562037
76561198186036122
76561198215797436
76561198043058295
76561198071917043
76561198119246549
76561198031513719
76561198028776720
76561198137350564
76561198042812242
76561198134786868
76561198075256495
76561198085184550
76561198156003553
76561198132778879
76561198004499486
76561198185141123
76561198057230501
76561198254624131
76561198258352645
76561198143450442
76561198141108530
76561198120381766
76561198056296724
76561197992193776
76561198136786144
76561197981848373
76561197960477514
76561198080867559
76561198211508403
76561198071611820
76561197997618202
76561198139256630
76561198178618805
76561198195444405
76561198044205684
76561197995744003
76561198014572924
76561198022701863
76561198088038661
76561198164296490
76561198006442260
76561198195259597
76561198199346929
76561198046709595
76561198005097703
76561198146713043
76561198163021072
76561198204148577
76561198099795124
76561198117908864
76561198070087330
76561198061387125
76561198212413953
76561198175338774
76561198078953326
76561198058125604
76561198106391601
76561198049736293
76561198071378956
76561198042680199
76561197979330211
76561198133592278
76561198008986212
76561198012086155
76561198154842822
76561198158926877
76561198190015758
76561198008987252
76561198083337131
76561198224932368
76561198031934521
76561198120730687
76561198079434556
76561198137637468
76561198055276898
76561198042865102
76561198113506213
76561198024303250
76561198208744283
76561198089164586
76561198051050299
76561198045248171
76561198090881127
76561198121519671
76561198031963241
76561198067221555
76561198076342847
76561198086464470
76561198069620205
76561198258579254
76561198103371888
76561198188133283
76561198030139566
76561198056990557
76561198056859329
76561198148759311
76561198118749004
76561197976838073
76561198086485475
76561198258083036
76561198250267062
76561198026277941
76561198106823624
76561198041839971
76561198073163327
76561198129210319
76561198050030821
76561198107085997
76561198174496698
76561198179643793
76561198133773267
76561198118695147
76561197971656367
76561198026241608
76561198158048059
76561197999280384
76561198195263611
76561198079066793
76561198064220401
76561198080857114
76561198010009976
76561198101369602
76561197992157123
76561198145108318
76561198036822363
76561198036016971
76561198202216063
76561198137443677
76561197973807690
76561198072233594
76561198024333164
76561198072795989
76561198253467900
76561198164999936
76561198095078472
76561198131241380
76561198039011939
76561198150251336
76561198152672791
76561198140678015
76561197996779897
76561198122868098
76561198114634825
76561198048164988
76561198052325095
76561198101892185
76561198182995226
76561198183798018
76561198000713394
76561198067677848
76561198064170264
76561198150699645
76561198020259542
76561198069590381
76561197980701807
76561198092718576
76561198085592105
76561198122825951
76561198068135912
76561198062311110
76561197963357033
76561198192827506
76561198078238805
76561198141830224
76561198110978353
76561198178566051
76561198018094196
76561198113294224
76561198080145886
76561198070647810
76561197991312527
76561198069892811
76561198208116259
76561198105031251
76561198178455206
76561198067816967
76561198188217359
76561198004150237
76561198041345605
76561197978770619
76561198045078492
76561198253849131
76561198142132715
76561198241836794
76561198189188939
76561197995233963
76561198164190620
76561198132543570
76561198101650713
76561198211715783
76561198021985451
76561198066181238
76561198243324982
76561198225479204
76561198062204536
76561198166415515
76561198000054873
76561198228312004
76561198132864990
76561198183510719
76561198111331997
76561198077975588
76561198057609587
76561198056184833
76561198132867947
76561198136301042
76561198207591028
76561198231495816
76561198102916862
76561198086213107
76561198079766356
76561198140711836
76561198121929654
76561198126119549
76561198182950883
76561198051591728
76561198060141305
76561198038501049
76561198077617201
76561198111242276
76561198156126079
76561198094773241
76561198067319020
76561198057932136
76561198044323417
76561198023237127
76561198070326364
76561198029991936
76561198108821568
76561198026129803
76561198072080626
76561198071593803
76561198011522765
76561197970806815
76561198173344442
76561198211259675
76561198054199246
76561198151822283
76561198132303698
76561198131222582
76561198197935098
76561198211101844
76561197996374591
76561198168530106
76561198016000386
76561198043158994
76561198246718952
76561198081746383
76561198143409579
76561198084282016
76561198057381442
76561198096170401
76561198084821396
76561198132191888
76561198040864495
76561198124035954
76561198059232242
76561198058002783
76561198128455894
76561198218632845
76561198029885414
76561198146037705
76561198149527704
76561198120598227
76561198115924195
76561198088047469
76561198212395564
76561198228331692
76561198123792486
76561198214522632
76561198195976775
76561198132232475
76561198065144415
76561197996032155
76561198117776809
76561198176927499
76561198067442998
76561198014278852
76561198099601046
76561198252587806
76561198212974659
76561198075329119
76561198070846568
76561198046071247
76561197998168867
76561198106137809
76561198116626079
76561198058834076
76561198169601501
76561198031754320
76561198126176564
76561198114430707
76561198177786099
76561198108168211
76561198123478208
76561198069795854
76561198005180400
76561198136007902
76561198248783410
76561198086943761
76561198112765837
76561198054257439
76561198129013415
76561198117891495
76561198078289058
76561198150204646
76561198021623526
76561198104339156
76561198004495040
76561198038010909
76561197963499133
76561198081631669
76561198096556524
76561197996525814
76561198083779979
76561198214342479
76561198149234697
76561198209502973
76561198053677443
76561198227214136
76561197983213351
76561198116346480
76561198085789196
76561197994925901
76561198121932934
76561198179271769
76561198158187689
76561198093637938
76561198061388764
76561198191359942
76561198101029590
76561198067886290
76561198050586502
76561198143212484
76561198152714044
76561198143004035
76561198042030808
76561198060117476
76561198112900745
76561198096555133
76561198150786221
76561198143945727
76561198122288928
76561198214771715
76561198209372895
76561198239804128
76561198058015199
76561198157471157
76561198235466316
76561198074563220
76561198084820975
76561198039469600
76561198165166459
76561198113897140
76561198140614006
76561198050016192
76561198014454790
76561198108735498
76561198057628582
76561198051358690
76561198176149917
76561198123061312
76561198165871457
76561198070522969
76561198087616655
76561198061612586
76561198110055191
76561198142492003
76561197983031082
76561198091371257
76561198169951702
76561198216083057
76561198194195028
76561198123240926
76561197990980106
76561198032824676
76561198083622094
76561198143364078
76561198155381083
76561198100257233
76561198120614940
76561198077844709
76561198204183760
76561198093326113
76561198125683512
76561198069351909
76561198078880963
76561198143260050
76561198200436870
76561198010426563
76561198122284925
76561197972342579
76561198040884826
76561198220138001
76561198039645284
76561198108841614
76561198135557095
76561198109414615
76561198212158097
76561198109768195
76561198232838356
76561198082203565
76561198146769871
76561198056156657
76561198045834896
76561198125088851
76561198089641094
76561198038614897
76561198128466236
76561198060234120
76561197989052595
76561198076210458
76561198073706159
76561198122253822
76561198216075797
76561197987401348
76561198207683804
76561198103549042
76561198153604971
76561198159635860
76561198253447092
76561198206122788
76561198049829603
76561198117898305
76561198081796348
76561198110317212
76561198050761233
76561198014381048
76561197972848013
76561198067770956
76561198043428287
76561198066183896
76561198201065603
76561198163777752
76561198066410123
76561198124757439
76561198113807660
76561198204490693
76561198166871869
76561198036858614
76561198242695778
76561197963929737
76561198042311116
76561198010344753
76561198079190595
76561198040882359
76561198100685593
76561198093419851
76561198097014651
76561198040584239
76561198126713080
76561198214598203
76561198055011905
76561198015288351
76561198093829624
76561198184761177
76561198066874305
76561198065784708
76561198177058809
76561198201838153
76561198197995854
76561198027117853
76561198093810453
76561198073004616
76561198133590213
76561197970553899
76561198112317772
76561198227288976
76561198052688224
76561198139334300
76561198047644790
76561198066276197
76561198119113932
76561198104355800
76561198047447879
76561198029278666
76561198197955379
76561197996288696
76561198018037909
76561198078687816
76561198250917466
76561198246513364
76561198144748334
76561198083662988
76561198148804755
76561197966222884
76561198067332967
76561198117503213
76561198149843318
76561198258438048
76561198051054665
76561198034588968
76561198204860263
76561198069009095
76561198148716860
76561198056529389
76561198111386224
76561198087047088
76561198116517809
76561198116902592
76561198060457466
76561198165137875
76561198154459914
76561198039086505
76561198086027157
76561198145674465
76561198072412204
76561198041895699
76561198239165506
76561198100368978
76561198104298205
76561198005634922
76561198132329937
76561198080188739
76561197998991077
76561198160131839
76561198069817913
76561198070890778
76561198215875285
76561198079111929
76561198073912604
76561198014421576
76561198095044754
76561198111209493
76561198087588407
76561198046759224
76561198088597830
76561198031785388
76561198040132221
76561197992098065
76561197994568158
76561198145511975
76561198119983603
76561198150633020
76561198034490427
76561198069379150
76561198256754537
76561198151587020
76561198154001950
76561198079398647
76561198050323582
76561198245314534
76561198045086703
76561198173853751
76561198137851963
76561198030900936
76561198092446865
76561198145700168
76561198181976214
76561198046138156
76561198050917334
76561198191169825
76561198015080889
76561198178651231
76561198024624689
76561198011242890
76561198080942607
76561198213624051
76561198111714276
76561198071756441
76561198038524803
76561197999563131
76561198209071779
76561198085090581
76561198124643925
76561198143496390
76561198112363936
76561198100466374
76561197994938829
76561198242905152
76561198070685009
76561198079525455
76561198260341127
76561198208289421
76561198031193443
76561198209127977
76561198113150288
76561198194110786
76561198218620633
76561198088648795
76561198203246534
76561198190241490
76561198034790598
76561198012530880
76561198024751014
76561198212806755
76561198059802752
76561198124202938
76561198080415477
76561198133064467
76561198025584387
76561198059284668
76561198242487000
76561198076522654
76561198053814782
76561198175515409
76561198254569904
76561198043969359
76561198147196156
76561198065283849
76561198040571190
76561198170521075
76561198244570838
76561198078733439
76561198167327089
76561198087901864
76561198202247572
76561198103762809
76561198022887758
76561198155610626
76561197961243455
76561198150640826
76561198124670711
76561198083339408
76561198042506853
76561198225799532
76561198012445405
76561198077537740
76561198049086625
76561198036974951
76561197971493273
76561198070754154
76561197978139811
76561198109942063
76561198242667232
76561198134683206
76561198156622443
76561198076696688
76561198243504302
76561198243193652
76561197996028853
76561198161674247
76561198086930165
76561198085907031
76561198051187662
76561198189532398
76561198141393244
76561198065501158
76561198094120257
76561198091234815
76561198024254842
76561198195870946
76561198139006397
76561198134137077
76561198004396276
76561198154309352
76561198106945575
76561198070513346
76561198077352827
76561197995685525
76561198030185924
76561198133336412
76561198087910035
76561198081985702
76561198040335179
76561198049898331
76561198129621559
76561198228761288
76561198173271961
76561198063206821
76561198179696417
76561198075570346
76561198136555931
76561198061445491
76561198085896435
76561198032516184
76561198060775881
76561198064019141
76561198103725722
76561198104900963
76561198210223921
76561198157005740
76561198041997918
76561198132858608
76561198077855214
76561198247354076
76561198135639919
76561198013037251
76561197983731558
76561198179979265
76561198148433187
76561198064871201
76561198069987329
76561198051509296
76561198134310145
76561197968549753
76561198052116403
76561198142382022
76561198119819821
76561198005427695
76561198024570889
76561198034848017
76561197965169412
76561198038526863
76561198146739406
76561198253639993
76561198050265199
76561198132275165
76561198181209878
76561198094278777
76561198143181211
76561198104592779
76561198129445191
76561198093477607
76561198166003480
76561198070098876
76561198017055560
76561198149261670
76561198093100163
76561198072106972
76561198141237954
76561198115190529
76561198066924684
76561198086997889
76561198155321594
76561198101162367
76561198026714038
76561198042852639
76561198003669990
76561198141243351
76561198001699866
76561198174807911
76561198072587610
76561198011851508
76561198061779223
76561198106171255
76561198032608504
76561197997756397
76561198084039867
76561198260199136
76561198168760314
76561198004631995
76561198180984518
76561198121229866
76561198136900661
76561198087621406
76561198171220623
76561198037782951
76561198020787449
76561198206705564
76561198040885407
76561198122562113
76561198013734725
76561198124791017
76561198066114032
76561198109874939
76561198084129650
76561198168446794
76561198217934765
76561198139531754
76561198143780315
76561197998406398
76561198202112425
76561197990809425
76561198111817833
76561198104497383
76561198116150596
76561198150023242
76561198129178712
76561198147834852
76561198126504994
76561198063680153
76561198093606071
76561198211173977
76561198015691932
76561198096268476
76561198093923021
76561198208825273
76561198058569027
76561197975366404
76561198050938889
76561198141986929
76561198136370496
76561198082287559
76561198062447084
76561198105998741
76561198138669556
76561198046195413
76561198029668305
76561198258639801
76561198097980165
76561198105394589
76561198082575702
76561198125035399
76561198058010440
76561198074532362
76561198139441648
76561198092458962
76561198078671885
76561198076699590
76561198151736127
76561198203837955
76561198137691206
76561198063656577
76561198072328234
76561198149762779
76561198176062945
76561198154188258
76561197982659177
76561198143446065
76561198086557993
76561198070961593
76561198189803385
76561198157454807
76561198084622456
76561198142466395
76561198185196454
76561198130989047
76561198034743819
76561198178880430
76561198146662294
76561198018546287
76561198000082490
76561198109570451
76561198190956886
76561198050326994
76561198063678283
76561198116533868
76561198153707060
76561198122106301
76561198254546256
76561198044468444
76561198138484715
76561198041830010
76561198212671571
76561198156062587
76561198124414061
76561198039145139
76561197963758566
76561198046712609
76561198131329375
76561198034580856
76561198096404863
76561198145984244
76561198119120001
76561198160594108
76561198073550127
76561198068045508
76561198148220856
76561198169922653
76561198066044944
76561198160187368
76561198131490875
76561198203618608
76561197967792104
76561198259974871
76561197979947413
76561198082481473
76561198015281340
76561198193712374
76561198116878047
76561198114991122
76561198243776682
76561197983771505
76561198114639763
76561198129987513
76561198044765209
76561198121678024
76561198111950963
76561198160445654
76561197966671460
76561198171846889
76561198044254129
76561198244434500
76561198107233758
76561198148885237
76561198199580854
76561198066685227
76561198030318141
76561198080275758
76561198119701146
76561198047766252
76561198153713119
76561198142057262
76561198156466780
76561198217067740
76561198031254234
76561198050481930
76561198247205176
76561198016240592
76561198248406384
76561198110151512
76561198164706307
76561198130577363
76561198234173832
76561198251269774
76561198058997209
76561198072662215
76561198217770581
76561198204583881
76561198119886034
76561198103507654
76561197977080376
76561198079450550
76561197979601882
76561198095872546
76561198025875166
76561198205840953
76561198119452104
76561198217808577
76561198039321121
76561198058428037
76561198067802213
76561197996710217
76561198111635253
76561198122553200
76561198078384787
76561198064816927
76561198105664764
76561198145658085
76561198117769520
76561198106071592
76561198156935833
76561198089359225
76561198026451174
76561198110827462
76561198171662697
76561198193870151
76561198237360632
76561198010351219
76561198083567870
76561198033807841
76561198126592940
76561198081719895
76561198112331793
76561198060805574
76561198167237940
76561198116930194
76561198119132321
76561198036926172
76561198171815191
76561198080024580
76561198213975340
76561198132905620
76561198085605931
76561198158626757
76561198068177738
76561198001444628
76561197998500890
76561198144938089
76561198057525576
76561198054992628
76561198131017271
76561198065160369
76561198256431528
76561198020288882
76561198045320042
76561198158369434
76561198131648925
76561198007533691
76561198079888074
76561198146478236
76561198087814637
76561198159939425
76561198141020044
76561198049114955
76561198046458098
76561198119869965
76561198016941922
76561198013884827
76561198250680342
76561198129414627
76561198130480686
76561198119618269
76561198139501954
76561198023432928
76561198152475346
76561197980848541
76561198208460895
76561198035455133
76561198083805867
76561198079805194
76561198254819729
76561198125814577
76561198089328438
76561198116173004
76561198087540370
76561197960562426
76561198143047987
76561197979749057
76561197986949134
76561198056877146
76561198039572606
76561198005628897
76561198068050661
76561198074082246
76561198067205822
76561198083640820
76561198019807563
76561198061128214
76561198116618754
76561198078335382
76561198190623261
76561198049538493
76561198158523447
76561198246494456
76561198150456361
76561198198398761
76561198101558490
76561198080243445
76561198179902694
76561197998320849
76561198095550677
76561198122120857
76561198172774887
76561198201138871
76561198208391772
76561198078087133
76561197995500829
76561198083032552
76561198138060058
76561198068419398
76561198068674588
76561198054712285
76561198192348638
76561198030147448
76561198088194334
76561198132255551
76561198148608158
76561197981283141
76561198023317535
76561198088301552
76561198039592144
76561198211649567
76561198249576646
76561198065040489
76561198089431859
76561198017852330
76561198017136204
76561198083593580
76561198080256929
76561198084982262
76561198035803168
76561198092695175
76561198205326460
76561198212031605
76561198042820263
76561198151572622
76561198029315913
76561198008988672
76561198151955463
76561198048989828
76561198029590215
76561198184756535
76561198154851163
76561198135875727
76561198204551484
76561197984495803
76561198092194654
76561198195707430
76561197984988514
76561198116988501
76561198170821555
76561198201569341
76561198062710671
76561198002514340
76561198143596344
76561198081980496
76561198007650656
76561198142860725
76561198111890633
76561198139630877
76561198143465768
76561198059350440
76561198193576891
76561198060553797
76561198098002647
76561198022697154
76561198155286771
76561198246027008
76561198027551912
76561198253386169
76561197973407300
76561198188662481
76561198014020282
76561198149829889
76561198223348448
76561197996552120
76561198197504299
76561198047333865
76561198183915481
76561198208690245
76561198250166884
76561198173120011
76561198108346836
76561198055644195
76561198112533975
76561198120806011
76561198010405055
76561198163240997
76561198155477686
76561198062981710
76561198009146262
76561198082620246
76561198003428606
76561198000124364
76561198121084284
76561198070768157
76561198253649190
76561198052999656
76561198062571715
76561198070084634
76561198089146886
76561198212321125
76561198036037901
76561198047170243
76561198192261189
76561198134587708
76561198122287097
76561198119663087
76561198096069954
76561198124968154
76561198137487282
76561198119179697
76561198121064297
76561198064896129
76561198216707929
76561198163028889
76561197988726796
76561198171261051
76561198102052178
76561198026872904
76561198213778417
76561198025753900
76561198009184888
76561198039725253
76561198156893804
76561198186888130
76561198118940756
76561198113333047
76561198137151009
76561198054012346
76561197978874479
76561198025166784
76561198116810572
76561198129249422
76561198171703158
76561198008631189
76561198152790140
76561198162313485
76561198064839615
76561198086324427
76561198131507987
76561198051507008
76561198177278433
76561198152699809
76561198003445168
76561197981677299
76561198001524972
76561198067258668
76561198045051231
76561198136544109
76561198048591097
76561198163868752
76561198058858483
76561198152102948
76561198084498105
76561198040962561
76561198122368383
76561198047282844
76561198115721520
76561198129263869
76561198116463943
76561198121407123
76561198075494355
76561198111246930
76561198055858372
76561198216084707
76561198148477522
76561198182054926
76561198094886044
76561198195758382
76561198196501531
76561198050022527
76561198221789968
76561198051228771
76561198118117441
76561198108349556
76561197987442441
76561198236850438
76561198196711483
76561198149102866
76561198163005919
76561198031573535
76561198202362929
76561198098240141
76561198077912635
76561198195906295
76561198055755268
76561198004384743
76561198241343082
76561198193280587
76561198045823830
76561198133713781
76561198068475884
76561197994721331
76561198098646568
76561198147393888
76561197996741809
76561198257713778
76561198030521731
76561198113580672
76561198114877294
76561198154472909
76561198125969325
76561198080700483
76561198180853362
76561198005979379
76561198026482533
76561198104794603
76561198057729618
76561198012784677
76561198055474477
76561198072607354
76561198089230536
76561198076078362
76561198007124653
76561198054739799
76561198195206877
76561198167721314
76561198036370400
76561198003876146
76561198120639399
76561198015571853
76561198115960345
76561198020444247
76561198053443329
76561198081002038
76561198155923668
76561198120558322
76561198136812302
76561198131152673
76561198210054605
76561198235819214
76561198110651655
76561198135182938
76561198139451300
76561198160776319
76561198122138199
76561198259586242
76561198086847180
76561198066566083
76561198088507946
76561198124455908
76561198082222312
76561198108795311
76561198110465905
76561198075994918
76561198170108850
76561198169894347
76561198133938587
76561198170138438
76561198012823064
76561198141300094
76561198071765363
76561198100644379
76561198060633327
76561198128127163
76561198110204582
76561198003166979
76561198093069124
76561198025421466
76561198124906445
76561198109493312
76561198147414751
76561198038371906
76561198092425327
76561198170535909
76561198023507240
76561197987881277
76561198175888759
76561198169423767
76561198009409768
76561198000805694
76561198166349246
76561198258604825
76561198023866396
76561198031476462
76561198145768177
76561198160609311
76561198127587595
76561198070907535
76561198196979173
76561198226744224
76561198082386812
76561198017844117
76561198139388852
76561198121406299
76561198082033309
76561198090869130
76561198122942080
76561198078294834
76561198151561787
76561198050204152
76561198045949147
76561198215537512
76561198138576661
76561198244432460
76561198082511495
76561198247321088
76561198026546907
76561198046179632
76561198018252166
76561198029841229
76561198220044231
76561198109959312
76561198211507848
76561198202393573
76561198028300742
76561198055838034
76561198137880253
76561197992068622
76561198129867423
76561198065619101
76561198082854382
76561197973893586
76561198180231309
76561198059510941
76561198075087088
76561198121838192
76561197998312424
76561198224904892
76561198132536006
76561198102898500
76561198076057495
76561198109309854
76561198079296433
76561198079866431
76561198042488245
76561198136996199
76561198166059293
76561198042498418
76561198137137026
76561197988741412
76561198072767355
76561198122336658
76561198024845748
76561198060536518
76561198249552880
76561198155328650
76561198143204428
76561198075776380
76561198075903070
76561198086673563
76561198095431136
76561198103375659
76561198242802544
76561198093645745
76561198043266918
76561198057280002
76561198114669313
76561198156271787
76561197974830406
76561198203109919
76561198083255745
76561198080229889
76561198136260499
76561198156953622
76561198113365170
76561198119314613
76561198157146779
76561198119642011
76561198056266796
76561198061163393
76561198182039866
76561198095115030
76561198195739547
76561198081918172
76561198250496340
76561198156666227
76561198130012582
76561198208121884
76561198121221976
76561198156481567
76561198242379196
76561198117332882
76561198093255081
76561197993494378
76561198066746877
76561198210398923
76561198120288609
76561198011829378
76561198030938606
76561198040315657
7656119806116007